03159007
03355001
03457009
07131007
07133006
07138045
07211000
07318000
07331001
07331005
07331007
07331008
07331010
07331012
07331014
07331020
07331021
07331022
07331023
07331024
07331025
07331026
07331027
07331031
07331032
07331041
07331042
07331043
07331044
07331046
07331047
07331048
07331050
07331051
07331052
07331053
07331054
07331066
07331067
07333001
07333006
07333012
07333017
07333018
07333019
07333026
07333032
07333038
07333041
07333058
07333060
07333064
07333074
07333081
07333501
07334006
07334009
07334012
07334017
07334018
07334022
07334024
07334028
07334032
07334033
07337002
07337005
07337006
07337008
07337011
07337013
07337015
07337018
07337019
07337020
07337021
07337025
07337027
07337028
07337029
07337032
07337035
07337036
07337037
07337045
07337046
07337048
07337049
07337055
07337056
07337058
07337059
07337060
07337062
07337066
07337069
07337071
07337072
07337076
07337077
07337079
07337084
07338002
07338003
07338008
07338009
07338012
07338013
07338015
07338016
07338018
07338019
07339009
07340012
07340015
07340016
07340022
07340025
07340044
07340050
07340054
12054000
12063252
